EXPERIMENTAL INSERT EVALUATION WITH KEY: USER_ID 

Inserted 	239 ,752 ,1240 ,1438 ,2301 ,3140 ,4909 ,5782 ,7860 ,8242 ,9215 ,11125 ,12555 ,13379 ,14065 ,15256 ,15351 ,16644 ,18643 ,19259 ,20588 ,21321 ,22358 ,23754 ,25560
Value [ms] 	0.5 ,1.53333 ,3.73333 ,5.96667 ,10.1 ,14.6667 ,22.8667 ,31.3 ,47.5333 ,63.8333 ,80.1667 ,97.2333 ,114.367 ,146.3 ,178.233 ,210.267 ,242.3 ,274.5 ,307 ,339.533 ,372.3 ,405.067 ,438.567 ,472.433 ,506.733

EXPERIMENTAL INSERT EVALUATION WITH KEY: USER_NAME 


Inserted 	239 ,752 ,1240 ,1438 ,2301 ,3140 ,4909 ,5782 ,7860 ,8242 ,9215 ,11125 ,12555 ,13379 ,14065 ,15256 ,15351 ,16644 ,18643 ,19259 ,20588 ,21321 ,22358 ,23754 ,25560
Value [ms] 	0.5 ,1.53333 ,3.73333 ,5.96667 ,10.1 ,14.6667 ,22.8667 ,31.3 ,47.5333 ,63.8333 ,80.1667 ,97.2333 ,114.367 ,146.3 ,178.233 ,210.267 ,242.3 ,274.5 ,307 ,339.533 ,372.3 ,405.067 ,438.567 ,472.433 ,506.733

SIZE OF UNORDERED SET WITH USER_ID 457.048[KB]
SIZE OF UNORDERED SET WITH USER_NAME 252.584[KB]

**  EXPERIMENTAL EVALUATION SEARCH WITH KEY USER_ID **


Amount of searching 1000 ,2000 ,3000 ,4000 ,5000 ,6000 ,7000 ,8000 ,9000 ,10000 ,11000 ,12000 ,13000 ,14000 ,15000 ,16000 ,17000 ,18000 ,19000 ,20000 ,21000 ,22000 ,23000 ,24000 ,25000
Existing value 	 	0 ,0 ,0 ,0 ,0 ,0 ,0 ,0 ,0 ,0 ,0.000363636 ,0 ,0 ,0.00135714 ,0 ,0 ,0.000235294 ,0 ,0.000157895 ,0 ,0 ,0 ,4.34783e-05 ,0.000208333 ,0
Non-existing big values 	0 ,0 ,0 ,0 ,0 ,0 ,0 ,0.0005 ,0.000111111 ,0 ,0 ,0.000833333 ,0 ,0.000642857 ,0 ,0.000125 ,0 ,0.000388889 ,0 ,0 ,4.7619e-05 ,0 ,0.000347826 ,0 ,0
Non-existing small values 	0 ,0 ,0 ,0.00175 ,0 ,0 ,0 ,0 ,0 ,0 ,0 ,0 ,0 ,0.000714286 ,0 ,0 ,0 ,0.000333333 ,0 ,0 ,0 ,0 ,0.000565217 ,0 ,0.0002

** EXPERIMENTAL EVALUATION SEARCH WITH KEY USER_NAME **


Amount of searching 	1000 ,2000 ,3000 ,4000 ,5000 ,6000 ,7000 ,8000 ,9000 ,10000 ,11000 ,12000 ,13000 ,14000 ,15000 ,16000 ,17000 ,18000 ,19000 ,20000 ,21000 ,22000 ,23000 ,24000 ,25000
Existing value 	 	0 ,0 ,0 ,0 ,0.001 ,0 ,0 ,0 ,0 ,0 ,0 ,0 ,7.69231e-05 ,0.000785714 ,0 ,0 ,0 ,0 ,0 ,0 ,0 ,0 ,0.000173913 ,0 ,0.00064
Non-existing big values 	0 ,0 ,0 ,0 ,0 ,0 ,0 ,0 ,0.000111111 ,0 ,9.09091e-05 ,0 ,0 ,0.000428571 ,0 ,0 ,0 ,0.000388889 ,0 ,0.00055 ,0 ,0.000681818 ,0.000956522 ,0 ,0.00016
Non-existing small values 	0 ,0 ,0 ,0 ,0 ,0 ,0 ,0 ,0 ,0 ,0 ,0 ,0 ,0.000357143 ,0 ,0 ,0 ,0 ,0 ,5e-05 ,0 ,0.0005 ,0 ,0 ,0
