EXPERIMENTAL INSERT EVALUATION WITH KEY: USER_ID 

Inserted 	239 ,752 ,1240 ,1438 ,2301 ,3140 ,4909 ,5782 ,7860 ,8242 ,9215 ,11125 ,12555 ,13379 ,14065 ,15256 ,15351 ,16644 ,18643 ,19259 ,20588 ,21321 ,22358 ,23754 ,25560
Value [ms] 	0.433333 ,1.23333 ,2.36667 ,3.5 ,5.1 ,6.8 ,11.1333 ,15.9 ,22.9667 ,30.0333 ,37.6 ,46.7333 ,56.5333 ,66.6667 ,77.2 ,88.1667 ,99.2 ,110.567 ,124.6 ,139.1 ,156.067 ,173.733 ,191.767 ,210.9 ,231.767

EXPERIMENTAL INSERT EVALUATION WITH KEY: USER_NAME 


Inserted 	239 ,752 ,1240 ,1438 ,2301 ,3140 ,4909 ,5782 ,7860 ,8242 ,9215 ,11125 ,12555 ,13379 ,14065 ,15256 ,15351 ,16644 ,18643 ,19259 ,20588 ,21321 ,22358 ,23754 ,25560
Value [ms] 	0.433333 ,1.23333 ,2.36667 ,3.5 ,5.1 ,6.8 ,11.1333 ,15.9 ,22.9667 ,30.0333 ,37.6 ,46.7333 ,56.5333 ,66.6667 ,77.2 ,88.1667 ,99.2 ,110.567 ,124.6 ,139.1 ,156.067 ,173.733 ,191.767 ,210.9 ,231.767

SIZE OF SET WITH USER_ID 208.832[KB]
SIZE OF SET WITH USER_NAME 156.768[KB]

**  EXPERIMENTAL EVALUATION SEARCH WITH KEY USER_ID **


Amount of searching 1000 ,2000 ,3000 ,4000 ,5000 ,6000 ,7000 ,8000 ,9000 ,10000 ,11000 ,12000 ,13000 ,14000 ,15000 ,16000 ,17000 ,18000 ,19000 ,20000 ,21000 ,22000 ,23000 ,24000 ,25000
Existing value 	 	0.002 ,0 ,0 ,0.00375 ,0.0026 ,0 ,0.00128571 ,0.001375 ,0.00144444 ,0.0001 ,0.000181818 ,0.000416667 ,7.69231e-05 ,0 ,0.000666667 ,0 ,0 ,0.0005 ,5.26316e-05 ,0.00025 ,0.000619048 ,0.000454545 ,0.000869565 ,4.16667e-05 ,8e-05
Non-existing big values 	0.001 ,0.0005 ,0.004 ,0 ,0 ,0.000166667 ,0.00114286 ,0.00125 ,0 ,0.0011 ,9.09091e-05 ,0 ,0 ,0.000428571 ,6.66667e-05 ,0 ,0.000235294 ,5.55556e-05 ,5.26316e-05 ,0 ,0.00047619 ,4.54545e-05 ,0.000434783 ,0.00129167 ,4e-05
Non-existing small values 	0 ,0 ,0 ,0.00525 ,0 ,0 ,0.000142857 ,0 ,0.000111111 ,0 ,0.000818182 ,0.000916667 ,7.69231e-05 ,7.14286e-05 ,0.000133333 ,6.25e-05 ,0 ,5.55556e-05 ,0 ,0 ,0 ,0 ,0.000608696 ,0.000458333 ,0.00032

** EXPERIMENTAL EVALUATION SEARCH WITH KEY USER_NAME **


Amount of searching 	1000 ,2000 ,3000 ,4000 ,5000 ,6000 ,7000 ,8000 ,9000 ,10000 ,11000 ,12000 ,13000 ,14000 ,15000 ,16000 ,17000 ,18000 ,19000 ,20000 ,21000 ,22000 ,23000 ,24000 ,25000
Existing value 	 	0 ,0 ,0 ,0 ,0 ,0.000333333 ,0.00185714 ,0.00175 ,0.00133333 ,0.0004 ,0.000181818 ,0.00166667 ,0 ,0 ,0 ,0.000625 ,0.000529412 ,0 ,0 ,0.00085 ,0.000285714 ,0.000227273 ,0.00073913 ,0.000875 ,0.00024
Non-existing big values 	0.001 ,0 ,0 ,0 ,0.001 ,0 ,0 ,0 ,0.000777778 ,0 ,0 ,0 ,0 ,7.14286e-05 ,0 ,0.0008125 ,0.000647059 ,0 ,0.000210526 ,0 ,0 ,0 ,0.000565217 ,0 ,0.00032
Non-existing small values 	0 ,0 ,0 ,0 ,0.0022 ,0 ,0 ,0 ,0.000111111 ,0 ,0 ,0 ,0 ,0.000428571 ,0 ,0 ,0 ,0.000222222 ,0 ,0 ,0.00047619 ,0.000409091 ,0.000565217 ,0 ,0
