EXPERIMENTAL INSERT EVALUATION WITH KEY: USER_ID 

Inserted 	239 ,752 ,1240 ,1438 ,2301 ,3140 ,4909 ,5782 ,7860 ,8242 ,9215 ,11125 ,12555 ,13379 ,14065 ,15256 ,15351 ,16644 ,18643 ,19259 ,20588 ,21321 ,22358 ,23754 ,25560
Value [ms] 	5.26667 ,31.0667 ,77 ,131.667 ,233.867 ,375.533 ,601.733 ,868.533 ,1236.57 ,1620.17 ,2047.07 ,2569.5 ,3155.13 ,3780.3 ,4437.13 ,5158.6 ,5885.57 ,6686.57 ,7586.2 ,8519.53 ,9549.13 ,10629 ,11786.4 ,13037.7 ,14423.4

EXPERIMENTAL INSERT EVALUATION WITH KEY: USER_NAME 


Inserted 	239 ,752 ,1240 ,1438 ,2301 ,3140 ,4909 ,5782 ,7860 ,8242 ,9215 ,11125 ,12555 ,13379 ,14065 ,15256 ,15351 ,16644 ,18643 ,19259 ,20588 ,21321 ,22358 ,23754 ,25560
Value [ms] 	344.8 ,1544.07 ,3701.8 ,6136.37 ,10343 ,16295.4 ,25691.6 ,36528.6 ,51485.7 ,67222.7 ,85318.6 ,108021 ,133194 ,159606 ,187500 ,217974 ,248754 ,282553 ,319884 ,358363 ,399789 ,442780 ,487785 ,535389 ,586660


SIZE OF TREE WITH USER_ID: 835.24[KB]
SIZE OF TREE WITH USER_NAME: 835.24[KB]


**  EXPERIMENTAL EVALUATION SEARCH WITH KEY USER_ID **


Amount of searching 1000 ,2000 ,3000 ,4000 ,5000 ,6000 ,7000 ,8000 ,9000 ,10000 ,11000 ,12000 ,13000 ,14000 ,15000 ,16000 ,17000 ,18000 ,19000 ,20000 ,21000 ,22000 ,23000 ,24000 ,25000
Existing value 	 	0.004 ,0 ,0 ,0 ,0 ,0 ,0.000142857 ,0 ,0.000888889 ,0 ,0 ,0 ,0.000307692 ,0.00128571 ,0.0002 ,6.25e-05 ,0.0110588 ,0.00688889 ,0 ,0.0007 ,0.003 ,0.000136364 ,0.000347826 ,0.00108333 ,0.00144
Non-existing big values 	2.133 ,1.851 ,1.797 ,1.75475 ,1.8018 ,1.88817 ,1.78486 ,1.8505 ,1.76533 ,1.7569 ,1.755 ,1.74333 ,1.75746 ,2.11807 ,1.994 ,2.04919 ,2.44541 ,2.16317 ,1.77368 ,1.8165 ,2.231 ,1.82314 ,1.86739 ,1.91271 ,1.87524
Non-existing small values 	1.654 ,1.1365 ,1.037 ,1.01375 ,1.0608 ,1.12883 ,1.045 ,1.12475 ,1.023 ,0.9922 ,1.02745 ,1.02492 ,1.02385 ,1.41979 ,1.29307 ,1.36669 ,1.76459 ,1.42633 ,1.04405 ,1.0717 ,1.54429 ,1.10095 ,1.13548 ,1.17175 ,1.15132

** EXPERIMENTAL EVALUATION SEARCH WITH KEY USER_NAME **


Amount of searching 	1000 ,2000 ,3000 ,4000 ,5000 ,6000 ,7000 ,8000 ,9000 ,10000 ,11000 ,12000 ,13000 ,14000 ,15000 ,16000 ,17000 ,18000 ,19000 ,20000 ,21000 ,22000 ,23000 ,24000 ,25000
Existing value 	 	0.001 ,0 ,0 ,0.00025 ,0.0024 ,0.0015 ,0 ,0.001 ,0.000333333 ,0.0004 ,0.00127273 ,0.000333333 ,0.00138462 ,0.00207143 ,0.00146667 ,0.001375 ,0.0107647 ,0.0107222 ,0.000263158 ,0.0017 ,0.003 ,0.000863636 ,0.00286957 ,0.000833333 ,0.00268
Non-existing big values 	1.771 ,0.9665 ,0.963333 ,0.9515 ,0.9846 ,1.03283 ,0.967857 ,1.04675 ,0.939556 ,0.9166 ,0.931273 ,0.940833 ,0.950769 ,1.3995 ,1.21967 ,1.28969 ,1.83612 ,1.38128 ,0.957211 ,1.014 ,1.557 ,1.01273 ,1.05613 ,1.11533 ,1.08512
Non-existing small values 	0.035 ,0.003 ,0.00166667 ,0.00375 ,0.0024 ,0.00416667 ,0.00328571 ,0.003875 ,0.00288889 ,0.0031 ,0.00309091 ,0.00333333 ,0.00284615 ,0.00971429 ,0.00546667 ,0.007 ,0.0301176 ,0.0187778 ,0.00294737 ,0.0039 ,0.0135714 ,0.00531818 ,0.00565217 ,0.00679167 ,0.00696
