EXPERIMENTAL INSERT EVALUATION WITH KEY: USER_ID 

Inserted 	239 ,752 ,1240 ,1438 ,2301 ,3140 ,4909 ,5782 ,7860 ,8242 ,9215 ,11125 ,12555 ,13379 ,14065 ,15256 ,15351 ,16644 ,18643 ,19259 ,20588 ,21321 ,22358 ,23754 ,25560
Value [ms] 	14.9 ,59.1333 ,132.2 ,218.967 ,367.967 ,582.133 ,1305.8 ,2074.13 ,2976.17 ,3901.03 ,4887.83 ,6098.53 ,7408.23 ,8770 ,10185.5 ,11697 ,13216 ,14841.3 ,16624 ,18452.5 ,20392.1 ,22388.3 ,24460.4 ,26673.9 ,29025.4

EXPERIMENTAL INSERT EVALUATION WITH KEY: USER_NAME 


Inserted 	239 ,752 ,1240 ,1438 ,2301 ,3140 ,4909 ,5782 ,7860 ,8242 ,9215 ,11125 ,12555 ,13379 ,14065 ,15256 ,15351 ,16644 ,18643 ,19259 ,20588 ,21321 ,22358 ,23754 ,25560
Value [ms] 	158.167 ,625.4 ,1414.77 ,2336.1 ,3864.67 ,6013.83 ,10017.6 ,14593.4 ,20649.9 ,26980.1 ,33986.3 ,42498.5 ,51978.7 ,62060.2 ,72666.9 ,84177.3 ,95759.9 ,108336 ,122373 ,136843 ,152320 ,168330 ,185107 ,202934 ,222087

SIZE OF CHT WITH USER_ID: 43481.1[KB]
SIZE OF CHT WITH USER_ID: 43481.1[KB]


**  EXPERIMENTAL EVALUATION SEARCH WITH KEY USER_ID **

Amount of searching 	1000 ,2000 ,3000 ,4000 ,5000 ,6000 ,7000 ,8000 ,9000 ,10000 ,11000 ,12000 ,13000 ,14000 ,15000 ,16000 ,17000 ,18000 ,19000 ,20000 ,21000 ,22000 ,23000 ,24000 ,25000
Existing value 	 	0 ,0 ,1.66667e-07 ,0 ,0 ,0 ,1.02041e-08 ,0 ,6.25e-08 ,0 ,4.54545e-08 ,6.57895e-08 ,0.00045 ,3.7415e-08 ,0 ,2.44565e-08 ,0.000416667 ,0 ,0 ,0 ,0 ,4.54545e-05 ,0 ,0.000708333 ,8e-05
Non-existing big values 	0.028 ,0.018 ,0.0153333 ,0.01125 ,0.0114 ,0.0095 ,0.0127143 ,0.012125 ,0.0127778 ,0.01 ,0.0124545 ,0.0118333 ,0.0116154 ,0.0127857 ,0.0115333 ,0.0111875 ,0.0117647 ,0.0114444 ,0.0122105 ,0.01295 ,0.0108095 ,0.00986364 ,0.0124783 ,0.0107083 ,0.0128
Non-existing small values 	0.012 ,0.014 ,0.017 ,0.017 ,0.012 ,0.00966667 ,0.011 ,0.01075 ,0.0105556 ,0.0107 ,0.0125455 ,0.01125 ,0.0116154 ,0.0110714 ,0.0123333 ,0.0115 ,0.0105882 ,0.0112778 ,0.0114737 ,0.012 ,0.0103333 ,0.0113182 ,0.0111304 ,0.0109167 ,0.01288

** EXPERIMENTAL EVALUATION SEARCH WITH KEY USER_NAME **


Amount of searching 	1000 ,2000 ,3000 ,4000 ,5000 ,6000 ,7000 ,8000 ,9000 ,10000 ,11000 ,12000 ,13000 ,14000 ,15000 ,16000 ,17000 ,18000 ,19000 ,20000 ,21000 ,22000 ,23000 ,24000 ,25000
Existing value 	 	0 ,0 ,0 ,0 ,0 ,0 ,0 ,0 ,0 ,1.66667e-07 ,0 ,0 ,0 ,1.02041e-08 ,0 ,6.25e-08 ,0 ,4.54545e-08 ,6.57895e-08 ,0.00045 ,3.7415e-08 ,0 ,2.44565e-08 ,0.000416667 ,0
Non-existing big values 	0.009 ,0.0235 ,0.0123333 ,0.00925 ,0.022 ,0.00933333 ,0.0164286 ,0.01425 ,0.0148889 ,0.0135 ,0.0162727 ,0.0115 ,0.0160769 ,0.015 ,0.0151333 ,0.015875 ,0.0158235 ,0.0163333 ,0.0158421 ,0.01365 ,0.016381 ,0.0187727 ,0.0158261 ,0.0158333 ,0.01924
Non-existing small values 	0.02 ,0.02 ,0.0146667 ,0.01575 ,0.0126 ,0.0101667 ,0.0144286 ,0.012125 ,0.0133333 ,0.0112 ,0.014 ,0.0130833 ,0.017 ,0.00992857 ,0.0116 ,0.0133125 ,0.0125882 ,0.0152222 ,0.0123158 ,0.01565 ,0.0153333 ,0.0142727 ,0.0115217 ,0.0127917 ,0.0138
