EXPERIMENTAL INSERT EVALUATION WITH KEY: USER_ID 

Inserted 	239 ,752 ,1240 ,1438 ,2301 ,3140 ,4909 ,5782 ,7860 ,8242 ,9215 ,11125 ,12555 ,13379 ,14065 ,15256 ,15351 ,16644 ,18643 ,19259 ,20588 ,21321 ,22358 ,23754 ,25560
Value [ms] 	0.966667 ,3.86667 ,8.86667 ,14.5333 ,23.4 ,35.8 ,54.8667 ,76.6 ,105.7 ,136.533 ,171.267 ,213.133 ,260.8 ,312.5 ,366.867 ,426.7 ,487.1 ,552.033 ,625.667 ,702.233 ,783.5 ,867.4 ,954.667 ,1046.6 ,1145.07

EXPERIMENTAL INSERT EVALUATION WITH KEY: USER_NAME 

Inserted 	239 ,752 ,1240 ,1438 ,2301 ,3140 ,4909 ,5782 ,7860 ,8242 ,9215 ,11125 ,12555 ,13379 ,14065 ,15256 ,15351 ,16644 ,18643 ,19259 ,20588 ,21321 ,22358 ,23754 ,25560
Value [ms] 	1.43333 ,5.6 ,12.4667 ,20.2 ,32.5 ,49.1667 ,75.9667 ,107.4 ,150.433 ,196.2 ,247.5 ,310.367 ,381.267 ,456.6 ,535.3 ,620.267 ,705.733 ,798.133 ,901.833 ,1009.33 ,1125.5 ,1245.83 ,1373.27 ,1510.13 ,1658.03

SIZE OF OHT WITH USER_ID: 7078.62[KB]
SIZE OF OHT WITH USER_ID: 7078.62[KB]


**  EXPERIMENTAL EVALUATION SEARCH WITH KEY USER_ID **

Amount of searching 	1000 ,2000 ,3000 ,4000 ,5000 ,6000 ,7000 ,8000 ,9000 ,10000 ,11000 ,12000 ,13000 ,14000 ,15000 ,16000 ,17000 ,18000 ,19000 ,20000 ,21000 ,22000 ,23000 ,24000 ,25000
Existing value 	 	5.227 ,3.654 ,3.66367 ,4.74975 ,4.4848 ,3.94083 ,3.85986 ,4.1255 ,4.15256 ,4.0589 ,4.31382 ,4.08758 ,3.99246 ,4.05879 ,4.15007 ,4.33306 ,4.26441 ,4.14517 ,4.21832 ,4.4368 ,4.42648 ,4.16309 ,4.24335 ,3.82725 ,3.6444
Non-existing big values 	2.227 ,1.6195 ,1.64567 ,2.0925 ,1.9126 ,1.69467 ,1.64214 ,1.797 ,1.84489 ,1.7492 ,1.88364 ,1.7955 ,1.70769 ,1.7865 ,1.81673 ,1.88731 ,1.88459 ,1.75217 ,1.80726 ,1.93305 ,1.91995 ,1.80036 ,1.80587 ,1.64208 ,1.5804
Non-existing small values 	2.238 ,1.5445 ,1.48667 ,2.1535 ,1.907 ,1.6575 ,1.62743 ,1.78675 ,1.81844 ,1.7112 ,1.86936 ,1.78258 ,1.69908 ,1.74429 ,1.7744 ,1.87456 ,1.83571 ,1.75906 ,1.80311 ,1.91855 ,1.87476 ,1.78318 ,1.83674 ,1.61225 ,1.59996

** EXPERIMENTAL EVALUATION SEARCH WITH KEY USER_NAME **


Amount of searching 	1000 ,2000 ,3000 ,4000 ,5000 ,6000 ,7000 ,8000 ,9000 ,10000 ,11000 ,12000 ,13000 ,14000 ,15000 ,16000 ,17000 ,18000 ,19000 ,20000 ,21000 ,22000 ,23000 ,24000 ,25000
Existing value 	 	11.004 ,8.1195 ,8.47433 ,10.6795 ,9.9294 ,8.93167 ,8.72529 ,9.26988 ,9.37644 ,9.1195 ,9.66055 ,9.10483 ,8.897 ,9.1335 ,9.3154 ,9.60856 ,9.55153 ,9.23839 ,9.37295 ,9.97425 ,9.8921 ,9.37582 ,9.48461 ,8.53108 ,8.13656
Non-existing big values 	2.519 ,1.468 ,1.45667 ,1.94075 ,1.803 ,1.627 ,1.58171 ,1.66987 ,1.72133 ,1.6152 ,1.79755 ,1.69675 ,1.62785 ,1.62079 ,1.70553 ,1.78656 ,1.82153 ,1.6905 ,1.72079 ,1.79285 ,1.81967 ,1.7935 ,1.74017 ,1.58163 ,1.48672
Non-existing small values 	2.03 ,1.4755 ,1.506 ,1.94875 ,2.03 ,1.69067 ,1.64871 ,1.71113 ,1.76378 ,1.77 ,1.82345 ,1.69092 ,1.654 ,1.78329 ,1.76647 ,1.83069 ,1.83659 ,1.74783 ,1.77889 ,1.89495 ,1.89043 ,1.76714 ,1.78461 ,1.6055 ,1.501
